0.999971747 -0.001492665 -0.007364247 -0.000478330 0.001463776 0.999991238 -0.003926724 -0.000091378 0.007370043 0.003915832 0.999965191 0.059974782
0.999936283 -0.001549705 -0.011182090 -0.001174259 0.001491720 0.999985397 -0.005192006 -0.000427940 0.011189973 0.005174994 0.999924004 0.090965673
0.999867916 -0.000293180 -0.016250722 -0.001775298 0.000201205 0.999983907 -0.005661095 -0.000769494 0.016252117 0.005657078 0.999851942 0.122617066
0.999787688 -0.000980645 -0.020580387 -0.002468921 0.000852406 0.999980152 -0.006238964 -0.000897831 0.020586094 0.006220096 0.999768734 0.155364990
0.999691904 0.000617866 -0.024810066 -0.003799847 -0.000783016 0.999977529 -0.006647412 -0.001836215 0.024805402 0.006664792 0.999670088 0.188276738
0.999550998 0.003540527 -0.029753732 -0.005152186 -0.003772631 0.999962807 -0.007748314 -0.001853415 0.029725194 0.007857085 0.999527216 0.222233653
0.999407530 0.003830034 -0.034203790 -0.006534234 -0.004056884 0.999970198 -0.006565357 -0.001944062 0.034177627 0.006700228 0.999393344 0.256631255
0.999255836 0.002897107 -0.038462929 -0.008058568 -0.003023196 0.999990225 -0.003220446 -0.002706401 0.038453236 0.003334331 0.999254763 0.291491359
0.999139488 0.002356080 -0.041409653 -0.010153478 -0.002366719 0.999997079 -0.000207921 -0.003358221 0.041409053 0.000305748 0.999142230 0.326665252
0.999006867 0.003897683 -0.044386096 -0.011685383 -0.003956981 0.999991417 -0.001248163 -0.003379723 0.044380851 0.001422558 0.999013603 0.362286150
0.998927236 0.003557775 -0.046170160 -0.013865487 -0.003625400 0.999992430 -0.001381035 -0.003579976 0.046164896 0.001546939 0.998932540 0.398059458
0.998806477 0.000230179 -0.048842788 -0.014999122 -0.000332774 0.999997735 -0.002092409 -0.003852518 0.048842195 0.002106165 0.998804271 0.434656441
0.998698771 -0.000097246 -0.050997969 -0.016678596 0.000040705 0.999999344 -0.001109733 -0.004108767 0.050998054 0.001106214 0.998698056 0.471192271
0.998634577 -0.001446791 -0.052219383 -0.018974191 0.001366633 0.999997854 -0.001570704 -0.004459133 0.052221529 0.001497195 0.998634398 0.508494735
0.998476446 0.000458730 -0.055177614 -0.020616142 -0.000629388 0.999995053 -0.003075545 -0.005294713 0.055175927 0.003105587 0.998471856 0.546277106
0.998456001 0.000974948 -0.055539589 -0.023527320 -0.001332342 0.999978662 -0.006398288 -0.005298745 0.055532172 0.006462405 0.998435974 0.583525777
0.998344123 0.004509644 -0.057345957 -0.026056193 -0.004941507 0.999960542 -0.007391274 -0.006179828 0.057310354 0.007662412 0.998327017 0.621295393
0.998281002 0.005902750 -0.058310073 -0.028532863 -0.006330768 0.999954343 -0.007158356 -0.006687741 0.058265153 0.007515198 0.998272955 0.659626603
0.998204350 0.005109642 -0.059681267 -0.030957658 -0.005500409 0.999964535 -0.006385126 -0.006967908 0.059646513 0.006701932 0.998197079 0.698392510
0.998130202 0.005875499 -0.060840465 -0.033763684 -0.006139314 0.999972522 -0.004150121 -0.007772694 0.060814418 0.004515881 0.998138905 0.737425447
0.998081446 0.005369861 -0.061679814 -0.036509290 -0.005600282 0.999978065 -0.003563481 -0.008570426 0.061659321 0.003902069 0.998089731 0.776765704
0.997951508 0.005065156 -0.063774087 -0.038620900 -0.005380931 0.999974012 -0.004780689 -0.008870061 0.063748211 0.005114058 0.997952878 0.815547168
0.997902274 0.003967491 -0.064616263 -0.041567843 -0.004334477 0.999975204 -0.005540277 -0.009379820 0.064592682 0.005808733 0.997894824 0.854986489
0.997837782 0.003753226 -0.065619722 -0.043838579 -0.004030940 0.999983490 -0.004100277 -0.009726463 0.065603249 0.004355919 0.997836232 0.894940794
0.997841895 0.005216164 -0.065456264 -0.046812568 -0.005270382 0.999985933 -0.000655652 -0.010237415 0.065451927 0.000999217 0.997855127 0.935281992
0.997903466 0.005783094 -0.064462647 -0.049611334 -0.005609662 0.999980152 0.002871102 -0.010507804 0.064477965 -0.002503468 0.997915983 0.975266635
0.997950733 0.004368366 -0.063838318 -0.051547974 -0.003997614 0.999974310 0.005934250 -0.010959205 0.063862607 -0.005666887 0.997942567 1.015953183
0.998109341 0.004332258 -0.061310329 -0.054851860 -0.003946090 0.999971747 0.006418260 -0.010923557 0.061336383 -0.006164188 0.998098254 1.056647658
0.998147130 0.004618849 -0.060670789 -0.056890011 -0.004413593 0.999984086 0.003516674 -0.011195601 0.060686067 -0.003242381 0.998151720 1.097469568
0.998233199 0.006024940 -0.059111647 -0.059814230 -0.006111844 0.999980509 -0.001289479 -0.011480866 0.059102718 0.001648482 0.998250544 1.138708591
0.998308778 0.004943946 -0.057923634 -0.062483512 -0.005196895 0.999977648 -0.004217137 -0.011871556 0.057901490 0.004511027 0.998312116 1.179950237
0.998361290 0.002854912 -0.057153638 -0.064664252 -0.003041105 0.999990344 -0.003171053 -0.012334425 0.057144035 0.003339666 0.998360336 1.221755147
0.998371959 0.001114772 -0.057027429 -0.067356512 -0.001034780 0.999998391 0.001432210 -0.012525030 0.057028938 -0.001370867 0.998371542 1.263735056
0.998307705 -0.002048583 -0.058116525 -0.069484539 0.002342425 0.999984801 0.004988397 -0.013152098 0.058105424 -0.005116090 0.998297274 1.305776954
0.998194039 -0.008367571 -0.059486568 -0.071472168 0.008629439 0.999954104 0.004146616 -0.013456791 0.059449136 -0.004652463 0.998220444 1.347991467
0.998102903 -0.011281407 -0.060525086 -0.074182317 0.011322701 0.999935865 0.000339380 -0.013756863 0.060517389 -0.001024044 0.998166621 1.389455080
0.998001754 -0.010852910 -0.062246870 -0.076676011 0.010637994 0.999936283 -0.003783006 -0.014072124 0.062283959 0.003113265 0.998053610 1.431926250
0.997901142 -0.010306697 -0.063930646 -0.079896882 0.010075115 0.999941409 -0.003943754 -0.014700387 0.063967548 0.003291368 0.997946560 1.474074364
0.997847915 -0.010116055 -0.064786881 -0.082764320 0.009972224 0.999947011 -0.002543048 -0.015366024 0.064809181 0.001891506 0.997895896 1.516592383
0.997785091 -0.007135276 -0.066136166 -0.085705519 0.007155623 0.999974370 0.000070773 -0.015692754 0.066133961 -0.000543862 0.997810543 1.559992790
0.997711003 -0.006898966 -0.067267932 -0.088830180 0.006987269 0.999974966 0.001077545 -0.015993489 0.067258812 -0.001545098 0.997734308 1.602940917
0.997641206 -0.005884030 -0.068391293 -0.091857180 0.006164734 0.999973416 0.003894055 -0.016475914 0.068366557 -0.004306484 0.997650981 1.646482468
0.997639835 -0.005830505 -0.068416417 -0.094843611 0.006328773 0.999954998 0.007068373 -0.016997667 0.068372138 -0.007484682 0.997631788 1.689848185
0.997644246 -0.000509184 -0.068597853 -0.098687656 0.001145162 0.999956667 0.009232091 -0.016913194 0.068590201 -0.009288898 0.997601688 1.733047724
0.997624278 -0.000745681 -0.068884723 -0.101618290 0.001328044 0.999963820 0.008408766 -0.017081814 0.068875946 -0.008480272 0.997589171 1.775628805
0.997639775 -0.000401928 -0.068663135 -0.104954332 0.000893197 0.999974191 0.007124224 -0.017602276 0.068658486 -0.007168739 0.997614563 1.818316579
0.997624040 0.001787282 -0.068870559 -0.108111687 -0.001467645 0.999987900 0.004691453 -0.017772645 0.068878107 -0.004579228 0.997614563 1.861118436
0.997564197 0.001293500 -0.069741152 -0.111124992 -0.000965885 0.999988258 0.004731102 -0.018011328 0.069746457 -0.004652216 0.997553885 1.903785229
0.997467041 -0.001058176 -0.071121685 -0.114071339 0.001476912 0.999981761 0.005835272 -0.017968029 0.071114220 -0.005925532 0.997450590 1.946169138
0.997435749 -0.000041146 -0.071567819 -0.117607273 0.000544365 0.999975204 0.007011869 -0.018632002 0.071565770 -0.007032848 0.997411072 1.988638043
0.997374475 0.002185941 -0.072383396 -0.120320141 -0.001950560 0.999992549 0.003322382 -0.018929707 0.072390117 -0.003172471 0.997371316 2.030544758
0.997350454 0.002941246 -0.072687544 -0.124091387 -0.003008448 0.999995172 -0.000815065 -0.019342704 0.072684795 0.001031582 0.997354448 2.072436810
0.997279167 0.003911291 -0.073613636 -0.126852185 -0.004054911 0.999990165 -0.001801651 -0.019936545 0.073605880 0.002095245 0.997285187 2.114022732
0.997282326 0.001993233 -0.073647708 -0.130314037 -0.001877451 0.999997020 0.001641298 -0.020292209 0.073650733 -0.001498568 0.997282982 2.156371117
0.997274935 0.000277676 -0.073773801 -0.133265689 0.000075350 0.999988616 0.004782414 -0.020782247 0.073774271 -0.004774940 0.997263551 2.198138237
0.997254133 -0.001824523 -0.074034572 -0.136473179 0.002227364 0.999983072 0.005359046 -0.021180861 0.074023560 -0.005509232 0.997241259 2.239440441
0.997255564 -0.005003675 -0.073867455 -0.139810100 0.005304205 0.999978423 0.003872901 -0.021469869 0.073846482 -0.004254081 0.997260511 2.279820442
0.997194707 -0.007365584 -0.074488103 -0.142606333 0.007588296 0.999967515 0.002707334 -0.022015410 0.074465744 -0.003264976 0.997218251 2.320981979
0.997068226 -0.009337947 -0.075945422 -0.145184413 0.009651715 0.999946296 0.003765485 -0.022220803 0.075906187 -0.004487448 0.997104824 2.361661196
0.996949553 -0.012120432 -0.077101327 -0.148080811 0.012771942 0.999886751 0.007962552 -0.022686165 0.076996088 -0.008922998 0.996991456 2.401412964
0.996894181 -0.013379096 -0.077607065 -0.151450470 0.014448477 0.999808013 0.013234329 -0.022991609 0.077415109 -0.014314533 0.996896207 2.442535162
0.996926606 -0.011242341 -0.077530354 -0.155432969 0.012490827 0.999799728 0.015637094 -0.023224965 0.077339016 -0.016557455 0.996867418 2.482563019
0.996795475 -0.010390596 -0.079314679 -0.158202961 0.011337200 0.999869645 0.011493815 -0.023178723 0.079184905 -0.012356190 0.996783316 2.522978306
0.996728003 -0.008470448 -0.080383465 -0.162041247 0.008794603 0.999954462 0.003679442 -0.023339808 0.080348641 -0.004374345 0.996757209 2.562090635
0.996653914 -0.007055179 -0.081432052 -0.165030688 0.006968929 0.999974728 -0.001343358 -0.023564631 0.081439473 0.000771369 0.996677995 2.601048470
0.996558189 -0.002374338 -0.082862288 -0.168375716 0.002362798 0.999997139 -0.000237328 -0.024105098 0.082862608 0.000040724 0.996560991 2.639721870
0.996505260 0.000508779 -0.083528683 -0.171922207 -0.000330965 0.999997616 0.002142608 -0.024858225 0.083529577 -0.002107475 0.996503055 2.677851439
0.996407390 0.002653980 -0.084647760 -0.175488606 -0.002346456 0.999990344 0.003732270 -0.025364047 0.084656835 -0.003520239 0.996403933 2.714935780
0.996313572 0.003574950 -0.085710630 -0.178689361 -0.003301618 0.999989033 0.003330548 -0.025773890 0.085721597 -0.003035286 0.996314466 2.752190351
0.996138334 0.006244947 -0.087573402 -0.181936830 -0.005955713 0.999975979 0.003563659 -0.025931204 0.087593541 -0.003028336 0.996151686 2.788444519
0.996071637 0.006697221 -0.088297181 -0.185600027 -0.006284005 0.999967992 0.004956988 -0.026967566 0.088327549 -0.004382654 0.996081829 2.823769331
0.995933294 0.006001449 -0.089893550 -0.188656598 -0.005513211 0.999968648 0.005678624 -0.027398290 0.089924812 -0.005159928 0.995935142 2.858887911
0.995820165 0.006073253 -0.091133557 -0.192154631 -0.005508617 0.999964058 0.006445955 -0.027814314 0.091169432 -0.005916991 0.995817840 2.894100904
0.995692551 0.008819854 -0.092295520 -0.195576102 -0.008038073 0.999928594 0.008838723 -0.027797135 0.092366882 -0.008058772 0.995692492 2.927674055
0.995490253 0.010365942 -0.094296061 -0.197759449 -0.009155555 0.999870121 0.013259616 -0.028407935 0.094421268 -0.012336485 0.995455921 2.960641861
0.995352685 0.013791432 -0.095304161 -0.202180460 -0.012408115 0.999809086 0.015092180 -0.028554555 0.095494099 -0.013839498 0.995333791 2.993977308
0.995180309 0.015858892 -0.096771412 -0.205430061 -0.014857843 0.999828517 0.011056362 -0.028810218 0.096930161 -0.009565258 0.995245278 3.025809050
0.995077372 0.016435502 -0.097728930 -0.208981961 -0.016120801 0.999861956 0.004008978 -0.029370975 0.097781338 -0.002413775 0.995204985 3.056741476
0.994927943 0.015852220 -0.099333182 -0.211960554 -0.016138760 0.999867499 -0.002081667 -0.029500522 0.099287041 0.003674223 0.995052040 3.086760759
0.994872808 0.016927985 -0.099707924 -0.215039775 -0.017320897 0.999845266 -0.003076208 -0.029945526 0.099640429 0.004787466 0.995011926 3.116080761
0.994760931 0.019173943 -0.100414664 -0.218496844 -0.019204164 0.999815345 0.000665784 -0.030703159 0.100408874 0.001266083 0.994945467 3.145608187
0.994620621 0.019504204 -0.101732656 -0.221307829 -0.019327082 0.999809444 0.002726512 -0.030957226 0.101766445 -0.000745650 0.994808078 3.172936916
0.994596899 0.016035201 -0.102567151 -0.224149376 -0.016128983 0.999869883 -0.000085051 -0.032060679 0.102552436 0.001738895 0.994726062 3.199974060
0.994635046 0.008360052 -0.103107817 -0.226142496 -0.008960229 0.999945521 -0.005359074 -0.032503560 0.103057392 0.006254192 0.994655728 3.226487160
0.994823575 0.004309571 -0.101526149 -0.229109347 -0.005335836 0.999937356 -0.009838994 -0.033329196 0.101477385 0.010329789 0.994784236 3.251824617
0.995106220 0.006718417 -0.098582186 -0.231538087 -0.007807447 0.999912620 -0.010665290 -0.033327624 0.098501921 0.011382771 0.995071888 3.276748896
0.995476723 0.011691259 -0.094283096 -0.234323025 -0.012507245 0.999889195 -0.008068338 -0.033659838 0.094178319 0.009211064 0.995512724 3.300901413
0.995921314 0.009947365 -0.089675732 -0.236268222 -0.010431834 0.999933422 -0.004935384 -0.034159876 0.089620672 0.005850736 0.995958805 3.324740410
0.996414185 0.006598762 -0.084351882 -0.237522125 -0.006661082 0.999977708 -0.000457381 -0.034789059 0.084346995 0.001017616 0.996435881 3.347708702
0.997063816 0.001723967 -0.076555565 -0.238413617 -0.001494561 0.999994218 0.003053781 -0.035345029 0.076560400 -0.002930397 0.997060597 3.370442629
0.997831464 0.005687867 -0.065574989 -0.239895910 -0.005524278 0.999981165 0.002675740 -0.035530277 0.065588981 -0.002307683 0.997844100 3.392347574
0.998681843 0.011008885 -0.050134111 -0.241631895 -0.010902100 0.999937654 0.002402937 -0.035946880 0.050157439 -0.001853202 0.998739600 3.413512468
0.999358892 0.016232859 -0.031911097 -0.242246598 -0.016146682 0.999865234 0.002956375 -0.036185078 0.031954773 -0.002439222 0.999486387 3.434319496
0.999846041 0.014624364 -0.009698894 -0.241996571 -0.014589234 0.999886811 0.003682658 -0.036502711 0.009751653 -0.003540591 0.999946117 3.454714060
0.999789596 0.011423590 0.017038338 -0.241141915 -0.011495923 0.999925315 0.004153531 -0.036507167 -0.016989615 -0.004348529 0.999846101 3.474389076
0.998895347 0.009984450 0.045919880 -0.238864452 -0.010267810 0.999929607 0.005938999 -0.037005641 -0.045857359 -0.006403934 0.998927414 3.493986368
0.996789157 0.009512463 0.079503447 -0.236833870 -0.010138948 0.999920666 0.007480004 -0.037303165 -0.079425991 -0.008262068 0.996806502 3.512968063
0.993094981 0.009481709 0.116929047 -0.233669728 -0.010475403 0.999913990 0.007886613 -0.037548974 -0.116844214 -0.009057034 0.993108928 3.531453609
0.987316251 0.009568092 0.158477247 -0.229855955 -0.010886625 0.999912977 0.007453969 -0.037571631 -0.158392131 -0.009084707 0.987334490 3.549515486
0.979062378 0.009569080 0.203335047 -0.224875391 -0.011342708 0.999907076 0.007559086 -0.037866659 -0.203243807 -0.009707185 0.979080021 3.567024231
0.967606723 0.011621659 0.252194554 -0.219228029 -0.013556971 0.999890447 0.005937609 -0.038460471 -0.252097875 -0.009164263 0.967658281 3.583978891
0.952229440 0.012719681 0.305118442 -0.212806582 -0.014317290 0.999893010 0.002998919 -0.038814042 -0.305047721 -0.007224128 0.952309668 3.600000620
0.932748497 0.013153766 0.360287786 -0.204967737 -0.014412676 0.999895751 0.000807700 -0.039126508 -0.360239655 -0.005946091 0.932840824 3.615521431
0.908333242 0.013925193 0.418015629 -0.196873784 -0.014613659 0.999891937 -0.001554055 -0.039049022 -0.417992175 -0.004697139 0.908438444 3.630640745
0.879406810 0.014294157 0.475856513 -0.187527418 -0.014045931 0.999893069 -0.004077995 -0.039068263 -0.475863963 -0.003097631 0.879513443 3.644562006
0.845991015 0.012810634 0.533043206 -0.177275181 -0.011062633 0.999917865 -0.006473574 -0.039391827 -0.533082366 -0.000420276 0.846063256 3.657891989
0.809261024 0.012641010 0.587313175 -0.166134357 -0.010368173 0.999920130 -0.007235392 -0.039974142 -0.587357759 -0.000234044 0.809327364 3.670238256
0.769731164 0.011018906 0.638273060 -0.154039502 -0.008907888 0.999939084 -0.006520024 -0.040301524 -0.638306022 -0.000666999 0.769782424 3.681822538
0.726616561 0.010477531 0.686963379 -0.141789436 -0.010573633 0.999935865 -0.004067005 -0.040821712 -0.686961830 -0.004308544 0.726680636 3.692821980
0.682505846 0.009653987 0.730816364 -0.128395557 -0.009502988 0.999945462 -0.004334352 -0.040882580 -0.730818331 -0.003986720 0.682560384 3.702171087
0.636605561 0.007927729 0.771148980 -0.114267945 -0.005932137 0.999967992 -0.005382934 -0.041309573 -0.771166861 -0.001147756 0.636632025 3.710868359
0.589843094 0.005960751 0.807495892 -0.100251198 -0.000219573 0.999973834 -0.007221192 -0.041461337 -0.807517886 0.004082065 0.589828968 3.718639135
0.543962955 0.008241732 0.839068711 -0.085625172 -0.002513439 0.999963284 -0.008192668 -0.041969873 -0.839105487 0.002347560 0.543963611 3.725770950
0.495884866 0.011083115 0.868317544 -0.071004510 -0.006164081 0.999938309 -0.009242881 -0.042305559 -0.868366241 -0.000768975 0.495922625 3.733224869
0.450749010 0.013259971 0.892552316 -0.055745125 -0.006218079 0.999912024 -0.011714734 -0.042505559 -0.892629087 -0.000269556 0.450791836 3.739293098
0.407822311 0.010785214 0.912997603 -0.040711403 0.000550476 0.999927163 -0.012057999 -0.042905413 -0.913061082 0.005420105 0.407786697 3.744461060
0.368861765 0.002519354 0.929480851 -0.024703860 0.015565035 0.999839365 -0.008886999 -0.043503366 -0.929353952 0.017745474 0.368763298 3.748175144
0.333509624 -0.000645386 0.942746401 -0.008476496 0.019982945 0.999779880 -0.006384810 -0.043481842 -0.942534924 0.020968245 0.333449036 3.752417564
0.299640864 0.003739957 0.954044700 0.007511616 0.016867932 0.999815226 -0.009217165 -0.043789160 -0.953902960 0.018854601 0.299522430 3.756999731
0.269127518 0.011504137 0.963035882 0.024156630 0.006346346 0.999885678 -0.013717868 -0.044338182 -0.963083804 0.009803613 0.269023687 3.761303902
0.239849314 0.015467758 0.970686853 0.040868700 0.001372402 0.999866545 -0.016271841 -0.045202579 -0.970809281 0.005234962 0.239796087 3.765469313
0.215149820 0.017438514 0.976425350 0.058742344 0.002520092 0.999827325 -0.018411746 -0.045788396 -0.976577818 0.006421966 0.215068713 3.768137693
0.192125186 0.018910279 0.981188297 0.076691091 0.010426681 0.999718547 -0.021309048 -0.046165459 -0.981315136 0.014324541 0.191873953 3.770346403
0.171819136 0.024877047 0.984814346 0.095088840 0.017106684 0.999454975 -0.028231457 -0.046377309 -0.984979987 0.021697618 0.171299905 3.772477865
0.151798487 0.031933971 0.987895489 0.113893926 0.019284083 0.999191999 -0.035262302 -0.046358518 -0.988223374 0.024403423 0.151060030 3.774707317
0.134684339 0.032625597 0.990351260 0.134021461 0.017203538 0.999230266 -0.035257712 -0.046969339 -0.990739226 0.021786215 0.134019360 3.777283907
0.118757173 0.028382573 0.992517531 0.154495716 0.015199973 0.999422252 -0.030398732 -0.047931083 -0.992807031 0.018696303 0.118257143 3.779644966
0.104430899 0.024492050 0.994230509 0.175784171 0.015237803 0.999539912 -0.026223376 -0.049145937 -0.994415402 0.017888414 0.104009651 3.781568289
0.091869608 0.022261329 0.995522201 0.196893930 0.017776990 0.999554098 -0.023991998 -0.049738113 -0.995612323 0.019901523 0.091432907 3.782577038
0.079943262 0.021394318 0.996569812 0.220027089 0.021718247 0.999494910 -0.023199318 -0.050536089 -0.996562779 0.023498379 0.079438232 3.784204960
0.068950534 0.021862380 0.997380435 0.242871583 0.025514392 0.999394178 -0.023670372 -0.051290825 -0.997293770 0.027079644 0.068350941 3.785721064
0.061638605 0.022675445 0.997840941 0.267494798 0.026950216 0.999339521 -0.024374271 -0.051876176 -0.997734606 0.028394422 0.060986787 3.786838055
0.055875517 0.023064185 0.998171389 0.292231262 0.028497629 0.999289036 -0.024685251 -0.052550629 -0.998031020 0.029824819 0.055178523 3.788135767
0.050532755 0.023986906 0.998434246 0.318147659 0.029475082 0.999240220 -0.025498059 -0.053365320 -0.998287380 0.030717419 0.049787343 3.789135933
0.044784699 0.024737114 0.998690367 0.344525218 0.030180555 0.999203563 -0.026103226 -0.054121226 -0.998540640 0.031310055 0.044002451 3.789986849
0.040702656 0.025088927 0.998856246 0.371324301 0.032669839 0.999116778 -0.026426742 -0.054883808 -0.998636961 0.033708107 0.039847054 3.790742874
0.037376471 0.024560900 0.998999357 0.399850726 0.034069732 0.999085426 -0.025837697 -0.055921495 -0.998720229 0.035001356 0.036505509 3.791924953
0.034463990 0.023790559 0.999122739 0.428297639 0.034836899 0.999080479 -0.024991227 -0.056910265 -0.998798609 0.035667632 0.033603512 3.792791367
0.031849388 0.023392580 0.999218822 0.459036559 0.037056528 0.999011219 -0.024568863 -0.057768233 -0.998805523 0.037810080 0.030951049 3.793713331
0.031407543 0.022658227 0.999249756 0.489187777 0.041184291 0.998864651 -0.023943961 -0.058812372 -0.998657882 0.041905411 0.030438723 3.794070244
0.032369811 0.022972999 0.999211907 0.521920085 0.044772923 0.998698890 -0.024411639 -0.059368916 -0.998472571 0.045527838 0.031299129 3.794979572
0.034570079 0.023487605 0.999126256 0.554230332 0.046621930 0.998597503 -0.025088310 -0.059978478 -0.998314202 0.047448497 0.033426560 3.796060085
0.038838845 0.022646703 0.998988807 0.587080777 0.048988093 0.998497844 -0.024540136 -0.061469499 -0.998043954 0.049891666 0.037671093 3.796890259
0.042539135 0.022282803 0.998846292 0.620529175 0.049206506 0.998491168 -0.024370506 -0.062248264 -0.997882366 0.050186429 0.041378498 3.799014568
0.046911612 0.020643543 0.998685658 0.655269444 0.050918490 0.998437226 -0.023030221 -0.063247323 -0.997600436 0.051931951 0.045787159 3.800256491
0.051205344 0.018749444 0.998512089 0.690368176 0.050897863 0.998475492 -0.021358879 -0.064400807 -0.997390270 0.051915810 0.050172962 3.801922083
0.055143457 0.016937284 0.998334706 0.726647735 0.047969844 0.998656571 -0.019592384 -0.065224841 -0.997325480 0.048970360 0.054256901 3.804133892
0.059126712 0.015970791 0.998122633 0.762749195 0.046579298 0.998738706 -0.018739911 -0.066217437 -0.997163177 0.047599882 0.058308229 3.806596756
0.063319966 0.016904114 0.997850120 0.798892677 0.043947674 0.998839438 -0.019709636 -0.067190588 -0.997025132 0.045101214 0.062503584 3.808900833
0.066352263 0.021023324 0.997574747 0.837046146 0.042345446 0.998817921 -0.023866070 -0.068318956 -0.996897280 0.043826323 0.065383583 3.811999559
0.067624502 0.026074473 0.997369945 0.874033153 0.036300804 0.998932242 -0.028576607 -0.069810644 -0.997050285 0.038137816 0.066605762 3.814994335
0.067726396 0.029262964 0.997274637 0.911590040 0.033467267 0.998940527 -0.031584658 -0.070996031 -0.997142434 0.035515167 0.066675290 3.817715168
0.067672946 0.028959885 0.997287154 0.948987007 0.031192079 0.999028623 -0.031127056 -0.072423190 -0.997219861 0.033213921 0.066703886 3.820639133
0.067300767 0.026925789 0.997369289 0.986535013 0.028205406 0.999184906 -0.028878056 -0.074407578 -0.997333944 0.030074723 0.066486463 3.823640108
0.067348070 0.025852872 0.997394502 1.023762345 0.029294664 0.999182105 -0.027877295 -0.075699791 -0.997299314 0.031095827 0.066535614 3.826329947
0.067631818 0.025032116 0.997396290 1.060801983 0.026929442 0.999275208 -0.026905315 -0.077218354 -0.997346878 0.028678982 0.066908687 3.829156876
0.067971230 0.025451355 0.997362614 1.098682880 0.025131185 0.999313653 -0.027213853 -0.078816012 -0.997370839 0.026914658 0.067284964 3.831785202
0.067623280 0.025993496 0.997372270 1.135364890 0.022189466 0.999374092 -0.027550144 -0.080405369 -0.997464120 0.023994194 0.067004159 3.834774733
0.066518918 0.027466428 0.997407079 1.172930956 0.019416252 0.999396145 -0.028816115 -0.081804477 -0.997596204 0.021282727 0.065945469 3.837498903
0.063461885 0.026815435 0.997623980 1.209911823 0.015937168 0.999484241 -0.027879251 -0.083443508 -0.997857034 0.017668569 0.063001804 3.840301752
0.059264246 0.025934469 0.997905433 1.246838808 0.013862804 0.999544621 -0.026800372 -0.084745660 -0.998145998 0.015422069 0.058877744 3.843195915
0.054988440 0.023565462 0.998208880 1.283766747 0.012037604 0.999633133 -0.024262203 -0.086076170 -0.998414397 0.013350183 0.054684594 3.844778299
0.048590045 0.021017112 0.998597741 1.320845127 0.009266197 0.999725997 -0.021491738 -0.087570503 -0.998775721 0.010297487 0.048381984 3.846800089
0.041552342 0.021752585 0.998899519 1.357653856 0.008950861 0.999714732 -0.022142682 -0.088915765 -0.999096215 0.009861091 0.041345794 3.848087549
0.032834850 0.022721285 0.999202549 1.393966675 0.009231988 0.999691963 -0.023035791 -0.090116769 -0.999418139 0.009981002 0.032614980 3.849003315
0.023031956 0.023220353 0.999464989 1.430304289 0.009569320 0.999679267 -0.023445854 -0.091443583 -0.999688923 0.010104203 0.022802366 3.849835873
0.012411996 0.022075895 0.999679267 1.466564536 0.010824834 0.999694705 -0.022210637 -0.093022130 -0.999864340 0.011097041 0.012169242 3.850849628
0.001404387 0.021277798 0.999772668 1.502484560 0.010361014 0.999719620 -0.021291226 -0.094209850 -0.999945402 0.010388558 0.001183536 3.850934267
-0.009851465 0.020323968 0.999744892 1.539303064 0.010801804 0.999737263 -0.020217376 -0.095590621 -0.999893129 0.010599878 -0.010068410 3.850824594
-0.021029938 0.020599749 0.999566555 1.574672699 0.009786451 0.999743998 -0.020397512 -0.096794963 -0.999730885 0.009353252 -0.021226153 3.850216389
-0.032279328 0.021379421 0.999250174 1.610882759 0.010807434 0.999720216 -0.021040358 -0.098210134 -0.999420464 0.010120162 -0.032501355 3.849184990
-0.042803481 0.022442907 0.998831391 1.646254659 0.010771997 0.999699891 -0.022000805 -0.099462211 -0.999025464 0.009817697 -0.043032385 3.847840786
-0.053129956 0.023551919 0.998309851 1.681525946 0.011433572 0.999670625 -0.022975529 -0.100628242 -0.998522162 0.010193557 -0.053381748 3.845765352
-0.062490836 0.024410263 0.997747004 1.715677977 0.012066952 0.999646246 -0.023700953 -0.101625189 -0.997972548 0.010558670 -0.062763296 3.843517065
-0.072398812 0.024527051 0.997074127 1.750733852 0.012523934 0.999641061 -0.023680815 -0.103413254 -0.997297108 0.010772827 -0.072679989 3.841292381
-0.081288576 0.025352692 0.996368110 1.786052465 0.012430701 0.999624431 -0.024421390 -0.104237303 -0.996613085 0.010400374 -0.081573188 3.838216066
-0.090054192 0.024481140 0.995635927 1.818521380 0.014956153 0.999618351 -0.023226295 -0.106084600 -0.995824695 0.012799256 -0.090385959 3.835084915
-0.097610734 0.023716250 0.994941950 1.852557898 0.015949588 0.999624848 -0.022263110 -0.107102111 -0.995096803 0.013695799 -0.097952396 3.831924200
-0.102630466 0.021873834 0.994479001 1.885136366 0.019418858 0.999611735 -0.019982694 -0.108307533 -0.994529903 0.017260816 -0.103015393 3.828177452
-0.106514245 0.019931803 0.994111359 1.917926073 0.022145139 0.999598622 -0.017669074 -0.109627172 -0.994064510 0.020132734 -0.106912896 3.824686289
-0.109294891 0.019129867 0.993825257 1.950038314 0.024044754 0.999573112 -0.016596209 -0.110525101 -0.993718505 0.022082400 -0.109708227 3.821169615
-0.111081079 0.018535987 0.993638515 1.981417179 0.024448276 0.999574482 -0.015913589 -0.111435272 -0.993510604 0.022525050 -0.111486994 3.817929268
-0.111768849 0.018685503 0.993558526 2.012108088 0.025058664 0.999558210 -0.015979400 -0.112493977 -0.993418157 0.023111250 -0.112187728 3.814249992
-0.110742532 0.019700577 0.993653834 2.041472197 0.025939275 0.999520123 -0.016925957 -0.113451555 -0.993510544 0.023900233 -0.111200415 3.810781002
-0.107847989 0.021517497 0.993934512 2.070522547 0.027004747 0.999460280 -0.018706942 -0.114444740 -0.993800581 0.024823444 -0.108370833 3.807691574
-0.103017390 0.022093588 0.994434178 2.098394632 0.026600901 0.999456942 -0.019449489 -0.115288511 -0.994323790 0.024449209 -0.103549153 3.805213690
-0.094666064 0.022916315 0.995245278 2.125637054 0.026520250 0.999438226 -0.020490296 -0.116321966 -0.995155752 0.024454419 -0.095220633 3.802514791
-0.083529927 0.022817127 0.996243954 2.151386261 0.025506442 0.999459267 -0.020752184 -0.117357403 -0.996178746 0.023677209 -0.084066741 3.800578356
-0.069579639 0.023414321 0.997301519 2.177784920 0.025040796 0.999450505 -0.021717727 -0.118192092 -0.997262061 0.023462115 -0.070127711 3.799091578
-0.052592549 0.024328442 0.998319745 2.201247692 0.024223166 0.999440134 -0.023079647 -0.119470730 -0.998322308 0.022968644 -0.053152420 3.798447847
-0.031398077 0.027105916 0.999139369 2.226157188 0.022448516 0.999399185 -0.026407523 -0.120378688 -0.999254823 0.021600047 -0.031987708 3.798460722
-0.007115532 0.030133130 0.999520600 2.250017405 0.020050343 0.999349236 -0.029985230 -0.121375568 -0.999773681 0.019827371 -0.007715080 3.799379587
0.021479137 0.031936146 0.999259055 2.273363113 0.018569183 0.999304533 -0.032336745 -0.122484237 -0.999596834 0.019249985 0.020871168 3.800417662
0.054598451 0.031218791 0.998020291 2.297141790 0.016409138 0.999348044 -0.032158017 -0.123570271 -0.998373568 0.018132428 0.054050580 3.802565336
0.092869289 0.028940005 0.995257616 2.319750786 0.015401974 0.999416113 -0.030498106 -0.124601997 -0.995559096 0.018161273 0.092369348 3.805313587
0.135191187 0.025785655 0.990483940 2.341938019 0.014193919 0.999508321 -0.027957918 -0.125194654 -0.990717828 0.017838513 0.134758711 3.809189796
0.180468217 0.020946957 0.983357668 2.364377975 0.010585654 0.999673963 -0.023237215 -0.126670316 -0.983523786 0.014603065 0.180187598 3.814396620
0.228462756 0.017680785 0.973392069 2.386442661 0.006253939 0.999787807 -0.019628087 -0.127546400 -0.973532557 0.010571823 0.228303686 3.821205616
0.280021727 0.016408756 0.959853411 2.407576561 0.002448815 0.999838412 -0.017806703 -0.128131166 -0.959990561 0.007336768 0.279936314 3.828629255
0.334840477 0.015836500 0.942141712 2.428330183 0.001623477 0.999847531 -0.017383471 -0.128944442 -0.942273438 0.007350236 0.334763765 3.837295532
0.392217308 0.016386619 0.919726610 2.447564363 0.003719372 0.999805033 -0.019399485 -0.129745707 -0.919865012 0.011029621 0.392079920 3.847131014
0.451652348 0.018888284 0.891994059 2.466045856 0.004757686 0.999710679 -0.023578227 -0.130896613 -0.892181337 0.014892989 0.451431781 3.858210564
0.510246277 0.023280220 0.859713197 2.483608246 0.005182080 0.999532223 -0.030141992 -0.131120220 -0.860012710 0.019834947 0.509886920 3.870950699
0.567512929 0.028020529 0.822887599 2.499221087 0.001158196 0.999392629 -0.034829542 -0.131488934 -0.823363602 0.020719280 0.567135751 3.884330273
0.623418331 0.029873544 0.781317592 2.515210152 -0.002670871 0.999345362 -0.036078695 -0.132812589 -0.781883895 0.020405320 0.623090029 3.899281502
0.675431550 0.030477419 0.736792624 2.529458046 -0.004182285 0.999287784 -0.037501559 -0.133636966 -0.737410724 0.022248261 0.675077975 3.915356636
0.724362135 0.027841333 0.688857138 2.542578220 -0.003937409 0.999334991 -0.036249470 -0.134688914 -0.689408302 0.023545429 0.723990083 3.931350708
0.768611848 0.025547497 0.639205039 2.553893089 -0.006258825 0.999454677 -0.032419894 -0.134821758 -0.639684737 0.020917639 0.768352628 3.948979378
0.810903311 0.018311439 0.584893584 2.566365957 -0.005579902 0.999706805 -0.023562077 -0.136506468 -0.585153580 0.015842916 0.810767710 3.967784405
0.847564161 0.015776547 0.530458331 2.576465130 -0.007834915 0.999821007 -0.017217431 -0.137026712 -0.530635059 0.010436781 0.847536147 3.987273455
0.878480911 0.012747271 0.477607459 2.585294485 -0.008797382 0.999906063 -0.010506000 -0.137416705 -0.477696538 0.005027623 0.878510535 4.007596970
0.904174566 0.012969556 0.426966131 2.592989206 -0.011995695 0.999915659 -0.004970559 -0.138093457 -0.426994592 -0.000627502 0.904253900 4.028301716
0.924165905 0.014916856 0.381700158 2.599760294 -0.015505030 0.999878585 -0.001534786 -0.138437390 -0.381676733 -0.004499876 0.924284935 4.049753189
0.939664781 0.021091670 0.341445684 2.605665684 -0.022843637 0.999738455 0.001110601 -0.139007986 -0.341332942 -0.008843455 0.939900875 4.071368217
0.951422989 0.024903461 0.306877822 2.611067772 -0.026217952 0.999656320 0.000161187 -0.139088094 -0.306768298 -0.008199065 0.951749027 4.093288898
0.960341275 0.026683223 0.277547568 2.615798950 -0.027941862 0.999609470 0.000579812 -0.139337733 -0.277423710 -0.008312013 0.960711718 4.116065502
0.967064321 0.021068320 0.253658742 2.622403383 -0.021819213 0.999761939 0.000146965 -0.139242396 -0.253595263 -0.005676758 0.967293680 4.139486790
0.971003592 0.017398234 0.238431275 2.627823353 -0.018204022 0.999833643 0.001177825 -0.139706939 -0.238371149 -0.005484081 0.971158683 4.163394928
0.973687530 0.022105210 0.226812735 2.632431507 -0.022710538 0.999742091 0.000059341 -0.139628649 -0.226752952 -0.005208817 0.973938406 4.187258244
0.976159573 0.027400270 0.215317711 2.637813807 -0.028274875 0.999599636 0.000982206 -0.139749959 -0.215204611 -0.007046871 0.976543546 4.211750507
0.977189541 0.035124522 0.209444016 2.642605066 -0.035809226 0.999358535 -0.000523195 -0.139648899 -0.209328070 -0.006988770 0.977820516 4.236693382
0.977651477 0.040555261 0.206284001 2.647456884 -0.040659487 0.999166012 -0.003735764 -0.140133634 -0.206263512 -0.004735130 0.978485048 4.262730122
0.977455616 0.041866224 0.206948459 2.651889563 -0.041379794 0.999121130 -0.006680484 -0.140515119 -0.207046315 -0.002033608 0.978329003 4.289904118
0.977222621 0.040482845 0.208319709 2.658321857 -0.039229531 0.999178708 -0.010146043 -0.140935257 -0.208559364 0.001742662 0.978008151 4.316563129
0.976404071 0.039020009 0.212396711 2.664388180 -0.036281385 0.999200702 -0.016777713 -0.141249433 -0.212881625 0.008675781 0.977039456 4.343869686
0.975552201 0.039104804 0.216260865 2.670641899 -0.035322007 0.999148309 -0.021330908 -0.141646773 -0.216910779 0.013170647 0.976102591 4.371797562
0.974322498 0.044108134 0.220794320 2.676697731 -0.040488955 0.998961508 -0.020892881 -0.142268822 -0.221486568 0.011416676 0.975096583 4.400651455
0.972779691 0.047961760 0.226714224 2.683100224 -0.045337182 0.998830914 -0.016772665 -0.143117234 -0.227253616 0.006037522 0.973816931 4.429961205
0.971847832 0.044392005 0.231389627 2.690387964 -0.042696465 0.999011993 -0.012332804 -0.143730119 -0.231708452 0.002106088 0.972782969 4.459999084
0.971095681 0.039450008 0.235407948 2.697972298 -0.038886491 0.999218881 -0.007037499 -0.144109011 -0.235501677 -0.002320105 0.971871078 4.490626812
0.970338345 0.037550732 0.238816768 2.705830574 -0.038201567 0.999268174 -0.001904411 -0.144937649 -0.238713488 -0.007275252 0.971062779 4.521776676
0.969844699 0.033245269 0.241445988 2.714112997 -0.033959813 0.999422431 -0.001202449 -0.145322904 -0.241346508 -0.007033271 0.970413566 4.553032875
0.969795704 0.029941387 0.242073789 2.722084522 -0.029747540 0.999547482 -0.004456499 -0.145803809 -0.242097646 -0.002879205 0.970247626 4.585199356
0.969781637 0.029508889 0.242183417 2.729704380 -0.027585519 0.999555230 -0.011329576 -0.146341220 -0.242410004 0.004306461 0.970164359 4.617518425
0.970132828 0.031592015 0.240508199 2.738243103 -0.028112615 0.999444723 -0.017885089 -0.147086427 -0.240939662 0.010589598 0.970482230 4.650213718
0.970764577 0.034598600 0.237526461 2.746451855 -0.030182637 0.999297738 -0.022204138 -0.147126168 -0.238127872 0.014385817 0.971127212 4.683814526
0.971254826 0.033330016 0.235697657 2.754185200 -0.030063668 0.999395847 -0.017439272 -0.148150221 -0.236136511 0.009852035 0.971669972 4.718323708
0.971460640 0.029645925 0.235341027 2.762100220 -0.028210392 0.999557197 -0.009465048 -0.149052173 -0.235517398 0.002555858 0.971866846 4.753963470
0.972206652 0.029336179 0.232278973 2.770714760 -0.029253749 0.999564767 -0.003800236 -0.149808004 -0.232289374 -0.003100417 0.972641706 4.789509773
0.972736180 0.032396287 0.229640409 2.779176235 -0.032256849 0.999470115 -0.004362083 -0.150546730 -0.229660034 -0.003164319 0.973265767 4.824753761
0.972816586 0.038622014 0.228333518 2.786743164 -0.037485074 0.999253750 -0.009315726 -0.150737673 -0.228522912 0.000503394 0.973538399 4.862019539
0.973692060 0.039411355 0.224433735 2.794917583 -0.037200816 0.999208689 -0.014071115 -0.151700914 -0.224810690 0.005351814 0.974387825 4.898664474
0.974641681 0.038206939 0.220485404 2.803168774 -0.035208605 0.999226451 -0.017514110 -0.151996523 -0.220983997 0.009306994 0.975233138 4.936215878
0.975675523 0.035627212 0.216305226 2.811786652 -0.032972194 0.999330282 -0.015871949 -0.152887136 -0.216725826 0.008353814 0.976196766 4.974186897
0.976422489 0.032112546 0.213466465 2.819972992 -0.029833753 0.999458313 -0.013888886 -0.153711036 -0.213796854 0.007192914 0.976851642 5.013475418
0.976754606 0.031079093 0.212095737 2.828240871 -0.029422568 0.999506831 -0.010962749 -0.154697582 -0.212331876 0.004467514 0.977187395 5.053200722
0.977183342 0.027785657 0.210572228 2.836987019 -0.026535412 0.999609590 -0.008761089 -0.155446947 -0.210733443 0.002973572 0.977539003 5.092264175
0.977354825 0.022734787 0.210382104 2.845469236 -0.021652104 0.999737799 -0.007448522 -0.155987546 -0.210496292 0.002724633 0.977590859 5.131924629
0.977551281 0.023425965 0.209391013 2.854122639 -0.022654518 0.999724865 -0.006082226 -0.156762198 -0.209475875 0.001202034 0.977813065 5.172205448
0.977294147 0.028775308 0.209923953 2.862246037 -0.027764607 0.999584317 -0.007760722 -0.157647893 -0.210060045 0.001756052 0.977686942 5.212018967
0.976971686 0.034861103 0.210501879 2.870391846 -0.033188958 0.999383271 -0.011472251 -0.158087760 -0.210772023 0.004221726 0.977526069 5.253510952
0.976451993 0.043798983 0.211242273 2.878724098 -0.042000193 0.999032974 -0.012996783 -0.158717304 -0.211607277 0.003818518 0.977347314 5.294370651
0.975538373 0.049435992 0.214198261 2.886917353 -0.047920108 0.998775840 -0.012266985 -0.159866974 -0.214542463 0.001702512 0.976713181 5.335682869
0.974863768 0.051822662 0.216691077 2.896126270 -0.050739359 0.998656034 -0.010563692 -0.160655767 -0.216947302 -0.000696605 0.976183057 5.376789570
0.974255085 0.052139986 0.219336241 2.905163288 -0.050910097 0.998639703 -0.011259609 -0.161717564 -0.219624951 -0.000196700 0.975584447 5.418417931
0.973860204 0.050773468 0.221400931 2.914145708 -0.048889589 0.998706222 -0.013984411 -0.162456661 -0.221824542 0.002794660 0.975082576 5.459770203
0.973864138 0.044366434 0.222756043 2.923735380 -0.042588104 0.999010980 -0.012783152 -0.163488388 -0.223102868 0.002962297 0.974790394 5.501189709
0.974131107 0.037396938 0.222867787 2.934057474 -0.034997988 0.999279201 -0.014705356 -0.164407969 -0.223257065 0.006525021 0.974737823 5.542496681
0.973856747 0.036945429 0.224138558 2.943328857 -0.034632929 0.999298573 -0.014241232 -0.165677741 -0.224507526 0.006106345 0.974453151 5.583920479
0.973442972 0.039416607 0.225511208 2.952956200 -0.037819706 0.999219418 -0.011398650 -0.166474909 -0.225784495 0.002567166 0.974173844 5.625332832
0.973147631 0.041588061 0.226393849 2.962512970 -0.041295629 0.999128699 -0.006029702 -0.167126521 -0.226447374 -0.003481287 0.974017203 5.666546822
0.972616017 0.044834465 0.228052288 2.971233130 -0.045714632 0.998953521 -0.001424023 -0.168590128 -0.227877468 -0.009040302 0.973647952 5.708662987
0.972449005 0.044131882 0.228899911 2.980567217 -0.043479133 0.999023080 -0.007896585 -0.169562116 -0.229024798 -0.002273344 0.973417938 5.748425484
0.972870827 0.039729342 0.227912009 2.991067886 -0.035415079 0.999108255 -0.022989623 -0.170063391 -0.228622124 0.014294411 0.973410368 5.788707256
0.972946584 0.037776787 0.227920488 3.000051022 -0.031477787 0.999017060 -0.031210201 -0.171859965 -0.228875428 0.023191428 0.973179400 5.830088139
0.973282576 0.034697816 0.226973787 3.010282516 -0.030461567 0.999290705 -0.022141291 -0.172985926 -0.227581039 0.014635757 0.973649085 5.871140480
0.973898709 0.027998054 0.225249857 3.020788193 -0.028317669 0.999597371 -0.001812388 -0.173744649 -0.225209907 -0.004613469 0.974299371 5.911781311
0.973979175 0.024659503 0.225292593 3.029335499 -0.028462233 0.999501646 0.013646239 -0.175019920 -0.224843845 -0.019703476 0.974195540 5.954658985
0.973934948 0.029532503 0.224897012 3.037827969 -0.032128673 0.999452531 0.007892050 -0.175671518 -0.224540845 -0.014911987 0.974350512 5.994739056
